image: new_map.pgm
resolution: 0.050000
origin: [-30.000000, -55.000000, -nan]
negate: 0
occupied_thresh: 0.65
free_thresh: 0.196

